# reconstruct molecule
WHOLEMOLECULES ENTITY0=1-330

# CA-RMSDs from the two reference conformations
rmsd_A: RMSD REFERENCE=stateA.pdb TYPE=OPTIMAL NOPBC
rmsd_B: RMSD REFERENCE=stateB.pdb TYPE=OPTIMAL NOPBC

cv: COORDINATION NOPBC GROUPA=1,1,1,2,2,2,2,2,3,3,3,3,4,5,5,6,9,10,10,10,10,13,13,13,13,13,13,13,14,14,14,14,14,14,14,14,14,16,16,16,16,16,18,18,18,18,19,21,22,22,22,22,22,22,24,25,25,25,27,27,27,27,27,27,27,27,28,28,28,28,29,29,29,29,29,29,29,30,30,30,30,30,30,30,30,30,30,32,32,32,32,32,32,34,34,34,38,39,41,41,41,47,47,47,48,48,48,52,52,57,57,60,62,62,63,63,63,66,68,68,68,68,83,84,84,84,84,84,84,89,89,89,93,95,98,101,101,101,101,101,101,103,103,104,104,104,104,104,104,104,105,107,107,107,107,107,108,109,109,110,111,111,114,114,114,114,114,114,114,116,116,116,116,119,119,119,120,120,120,120,120,126,126,126,126,128,128,129,129,129,129,129,129,129,130,130,130,130,130,130,130,130,133,133,133,133,133,135,140,141,141,141,141,141,144,144,144,144,145,145,145,145,149,149,149,149,151,151,153,153,153,153,153,153,154,154,154,158,160,160,160,160,162,166,166,166,169,169,169,174,174,174,174,174,174,174,176,176,176,176,176,178,178,178,178,180,180,180,184,186,186,186,186,188,188,188,189,189,189,191,191,191,191,191,191,193,193,193,193,195,195,196,197,197,197,197,197,200,200,200,200,200,202,202,202,204,204,204,204,204,205,205,207,207,207,207,207,209,209,209,209,210,211,212,212,212,212,212,212,212,212,213,213,213,213,216,216,216,216,218,218,218,220,220,220,220,220,220,220,221,221,221,223,223,223,223,223,223,225,225,225,226,226,232,232,232,232,232,235,235,235,236,236,236,236,237,239,239,239 GROUPB=110,115,122,106,108,110,112,115,95,96,98,102,112,95,98,112,123,95,102,106,115,106,108,112,115,123,203,205,92,102,103,104,106,113,202,205,208,92,94,96,102,106,82,92,94,96,96,78,79,80,92,94,96,99,205,78,82,92,60,68,70,72,78,82,84,92,60,68,70,311,82,92,102,104,205,310,311,60,68,82,84,92,104,221,309,310,311,68,70,72,78,82,92,70,72,75,71,73,72,74,75,58,71,74,70,71,72,69,71,86,87,221,218,221,236,237,279,295,82,84,93,221,229,217,218,219,221,229,231,229,231,237,229,229,229,215,217,219,224,229,231,215,224,202,204,208,215,217,219,220,203,201,202,208,210,215,202,210,213,210,213,215,133,199,201,203,208,210,215,199,201,203,204,192,199,201,188,203,204,205,327,194,199,201,208,286,287,194,196,197,199,206,284,300,199,208,210,212,213,285,286,287,192,194,196,197,199,196,199,187,192,194,195,196,185,187,192,195,185,187,189,199,185,187,195,196,195,196,170,175,176,177,185,195,177,179,182,177,175,177,186,328,189,189,327,328,186,188,328,313,315,316,317,323,325,328,313,315,317,323,328,315,317,319,323,317,319,320,328,303,313,315,323,310,313,315,323,327,328,300,302,303,307,310,313,300,302,307,310,302,303,303,284,291,301,302,303,300,302,307,310,313,300,307,310,300,302,307,310,313,310,313,281,283,291,300,310,281,283,285,291,287,267,267,270,274,281,283,285,287,288,267,270,287,288,274,278,281,291,278,279,281,278,279,281,283,291,293,300,278,279,293,264,266,274,277,278,281,266,267,268,268,271,266,268,274,277,278,266,274,278,274,277,278,279,279,256,258,265 PAIR SWITCH={CUSTOM FUNC=1-erf(x^4) R_0=1.0}

# metadynamics parameters
metad: METAD ARG=cv ...
  # Deposit a Gaussian every 500 time steps, with initial height
  # equal to 1.2 kJ/mol and bias factor equal to 60
  PACE=500 HEIGHT=1.2 BIASFACTOR=60
  # Gaussian width (sigma) based on the CV fluctuations in unbiased run
  SIGMA=2.0
  # Store MetaD bias potential on a grid
  GRID_MIN=0 GRID_MAX=400
  # Gaussians will be written to file
  FILE=HILLS
  # Multiple time stepping
  STRIDE=4
...

# Energy drift
EFFECTIVE_ENERGY_DRIFT PRINT_STRIDE=500 FILE=COLVAR_ENE

# print useful stuff
PRINT ARG=cv,rmsd_A,rmsd_B,metad.bias STRIDE=500 FILE=COLVAR
